nohup: ignoring input
[Warning] Fused window process have not been installed. Please refer to get_started.md for installation.
[Warning] Fused window process have not been installed. Please refer to get_started.md for installation.
==================================================
goal = test
device = cuda
device_id = 7
dataset = Cifar100
num_classes = 100
model_family = CNN-5-512
batch_size = 16
local_learning_rate = 0.005
learning_rate_decay = False
learning_rate_decay_gamma = 0.99
global_rounds = 100
top_cnt = 100
local_epochs = 5
algorithm = FedKD
join_ratio = 1.0
random_join_ratio = False
num_clients = 20
prev = 0
times = 1
eval_gap = 1
save_folder_name = temp
auto_break = False
feature_dim = 512
vocab_size = 80
max_len = 200
models_folder_name = 
few_shot = 0
client_drop_rate = 0.0
train_slow_rate = 0.0
send_slow_rate = 0.0
time_select = False
time_threthold = 10000
exp_name = algo_FedKD-datasetCifar100-2026-05-21 10:07:43
lamda = 1.0
noise_dim = 512
generator_learning_rate = 0.005
hidden_dim = 512
server_epochs = 100
alpha = 1.0
beta = 1.0
mentee_learning_rate = 0.005
T_start = 0.95
T_end = 0.98
server_learning_rate = 0.01
margin_threthold = 100.0
generator_path = stylegan/stylegan-xl-models/imagenet64.pkl
stable_diffusion_prompt = a cat
server_batch_size = 100
gen_batch_size = 4
mu = 50.0
sub_feature_dim = 128
align_epoch = 1
is_regular = 0
regular_lamda = 0.0005
align_lr = 0.01
align_method = 1
kl_Tim = 1
kl_lamda = 0.1
mse_lamda = 1.0
alpha_lr = 0.01
wo_local = 1
rank = 3
layer_idx = 30
gap = 5
sce_lamda = 0.1
Con_lamda = 1.0
Rel_lamda = 1.0
which_con = sim
hard_negative_mining = False
is_TT_Decom = False
topk = 5
Con_T = 0.1
Cos_lamda = 1.0
temperature = 0.1
struct_lamda = 0.1
rel_lamda = 0.1
niid = 1
partition = dir
dir_alpha = 0.1
class_per_client = 6
resume = False
v_mse_lamda = 0.0
aggregate_tau = 0.0
aggregate_power = 0.0
aggregate_gamma = 0.0
==================================================

============= Running time: 0th =============
Creating server and clients ...
-------------------------------------客户端使用的模型架构----------------------------------------
CNN_512(in_channels=3, n_kernels=16, out_dim=args.num_classes, input_size = 32)
global_model: CNN_512(in_channels=3, n_kernels=16, out_dim=args.num_classes, input_size = 32)
✅ 成功加载 [训练] 数据，路径: ../dataset/Cifar100/dir_0.1/train/*.npz
✅ 成功加载 [测试] 数据，路径: ../dataset/Cifar100/dir_0.1/test/*.npz

Join ratio / total clients: 1.0 / 20
Finished creating server and clients.

-------------Round number: 0-------------

Evaluate heterogeneous models
Client 0: Acc: 0.06375442739079103, AUC: 0
✅ 成功加载 [测试] 数据，路径: ../dataset/Cifar100/dir_0.1/test/*.npz
Client 1: Acc: 0.035623409669211195, AUC: 0
Client 2: Acc: 0.0, AUC: 0
Client 3: Acc: 0.0, AUC: 0
Client 4: Acc: 0.0, AUC: 0
Client 5: Acc: 0.0013054830287206266, AUC: 0
Client 6: Acc: 0.0022988505747126436, AUC: 0
Client 7: Acc: 0.0, AUC: 0
Client 8: Acc: 0.0, AUC: 0
Client 9: Acc: 0.0, AUC: 0
Client 10: Acc: 0.007874015748031496, AUC: 0
Client 11: Acc: 0.04647160068846816, AUC: 0
Client 12: Acc: 0.022193211488250653, AUC: 0
Client 13: Acc: 0.005298013245033113, AUC: 0
Client 14: Acc: 0.007782101167315175, AUC: 0
Client 15: Acc: 0.006535947712418301, AUC: 0
Client 16: Acc: 0.016, AUC: 0
Client 17: Acc: 0.0026560424966799467, AUC: 0
Client 18: Acc: 0.0, AUC: 0
Client 19: Acc: 0.004608294930875576, AUC: 0
Client 0: Loss: 4.596007226488551
✅ 成功加载 [训练] 数据，路径: ../dataset/Cifar100/dir_0.1/train/*.npz
Client 1: Loss: 4.596243178065901
Client 2: Loss: 4.5940431723673445
Client 3: Loss: 4.621891453072376
Client 4: Loss: 4.602638491370538
Client 5: Loss: 4.613617705966537
Client 6: Loss: 4.605080547551999
Client 7: Loss: 4.599878268267112
Client 8: Loss: 4.607098587739411
Client 9: Loss: 4.604311466851978
Client 10: Loss: 4.613478690620482
Client 11: Loss: 4.60340551507884
Client 12: Loss: 4.607563548802498
Client 13: Loss: 4.603930035682573
Client 14: Loss: 4.602459542114773
Client 15: Loss: 4.608435525619786
Client 16: Loss: 4.601516823707129
Client 17: Loss: 4.60490575411641
Client 18: Loss: 4.613948768743589
Client 19: Loss: 4.613289025305235
Averaged Test Accuracy: 0.0111
Averaged Test AUC: 0.0000
Std Test Accuracy: 0.0173
Std Test AUC: 0.0000
✅ 成功加载 [训练] 数据，路径: ../dataset/Cifar100/dir_0.1/train/*.npz
(16, 3, 5, 4),(16, 3, 4),(16, 3, 4, 5),2112
(32, 16, 5, 4),(32, 16, 4),(32, 16, 4, 5),24656
(2000, 650),(650,),(650, 800),1845338
(512, 440),(440,),(440, 2000),2953058
(100, 88),(88,),(88, 512),3007514
客户端4上传的参数数量为：3007614
(16, 3, 5, 4),(16, 3, 4),(16, 3, 4, 5),2112
(32, 16, 5, 4),(32, 16, 4),(32, 16, 4, 5),24656
(2000, 650),(650,),(650, 800),1845338
(512, 440),(440,),(440, 2000),2953058
(100, 88),(88,),(88, 512),3007514
客户端11上传的参数数量为：3007614
(16, 3, 5, 4),(16, 3, 4),(16, 3, 4, 5),2112
(32, 16, 5, 4),(32, 16, 4),(32, 16, 4, 5),24656
(2000, 650),(650,),(650, 800),1845338
(512, 440),(440,),(440, 2000),2953058
(100, 88),(88,),(88, 512),3007514
客户端19上传的参数数量为：3007614
(16, 3, 5, 4),(16, 3, 4),(16, 3, 4, 5),2112
(32, 16, 5, 4),(32, 16, 4),(32, 16, 4, 5),24656
(2000, 650),(650,),(650, 800),1845338
(512, 440),(440,),(440, 2000),2953058
(100, 88),(88,),(88, 512),3007514
客户端13上传的参数数量为：3007614
(16, 3, 5, 4),(16, 3, 4),(16, 3, 4, 5),2112
(32, 16, 5, 4),(32, 16, 4),(32, 16, 4, 5),24656
(2000, 650),(650,),(650, 800),1845338
(512, 440),(440,),(440, 2000),2953058
(100, 88),(88,),(88, 512),3007514
客户端3上传的参数数量为：3007614
(16, 3, 5, 4),(16, 3, 4),(16, 3, 4, 5),2112
(32, 16, 5, 4),(32, 16, 4),(32, 16, 4, 5),24656
(2000, 650),(650,),(650, 800),1845338
(512, 440),(440,),(440, 2000),2953058
(100, 88),(88,),(88, 512),3007514
客户端9上传的参数数量为：3007614
(16, 3, 5, 4),(16, 3, 4),(16, 3, 4, 5),2112
(32, 16, 5, 4),(32, 16, 4),(32, 16, 4, 5),24656
(2000, 650),(650,),(650, 800),1845338
(512, 440),(440,),(440, 2000),2953058
(100, 88),(88,),(88, 512),3007514
客户端10上传的参数数量为：3007614
(16, 3, 5, 4),(16, 3, 4),(16, 3, 4, 5),2112
(32, 16, 5, 4),(32, 16, 4),(32, 16, 4, 5),24656
(2000, 650),(650,),(650, 800),1845338
(512, 440),(440,),(440, 2000),2953058
(100, 88),(88,),(88, 512),3007514
客户端17上传的参数数量为：3007614
(16, 3, 5, 4),(16, 3, 4),(16, 3, 4, 5),2112
(32, 16, 5, 4),(32, 16, 4),(32, 16, 4, 5),24656
(2000, 650),(650,),(650, 800),1845338
(512, 440),(440,),(440, 2000),2953058
(100, 88),(88,),(88, 512),3007514
客户端1上传的参数数量为：3007614
(16, 3, 5, 4),(16, 3, 4),(16, 3, 4, 5),2112
(32, 16, 5, 4),(32, 16, 4),(32, 16, 4, 5),24656
(2000, 650),(650,),(650, 800),1845338
(512, 440),(440,),(440, 2000),2953058
(100, 88),(88,),(88, 512),3007514
客户端8上传的参数数量为：3007614
(16, 3, 5, 4),(16, 3, 4),(16, 3, 4, 5),2112
(32, 16, 5, 4),(32, 16, 4),(32, 16, 4, 5),24656
(2000, 650),(650,),(650, 800),1845338
(512, 440),(440,),(440, 2000),2953058
(100, 88),(88,),(88, 512),3007514
客户端2上传的参数数量为：3007614
(16, 3, 5, 4),(16, 3, 4),(16, 3, 4, 5),2112
(32, 16, 5, 4),(32, 16, 4),(32, 16, 4, 5),24656
(2000, 650),(650,),(650, 800),1845338
(512, 440),(440,),(440, 2000),2953058
(100, 88),(88,),(88, 512),3007514
客户端7上传的参数数量为：3007614
(16, 3, 5, 4),(16, 3, 4),(16, 3, 4, 5),2112
(32, 16, 5, 4),(32, 16, 4),(32, 16, 4, 5),24656
(2000, 650),(650,),(650, 800),1845338
(512, 440),(440,),(440, 2000),2953058
(100, 88),(88,),(88, 512),3007514
客户端12上传的参数数量为：3007614
(16, 3, 5, 4),(16, 3, 4),(16, 3, 4, 5),2112
(32, 16, 5, 4),(32, 16, 4),(32, 16, 4, 5),24656
(2000, 650),(650,),(650, 800),1845338
(512, 440),(440,),(440, 2000),2953058
(100, 88),(88,),(88, 512),3007514
客户端14上传的参数数量为：3007614
(16, 3, 5, 4),(16, 3, 4),(16, 3, 4, 5),2112
(32, 16, 5, 4),(32, 16, 4),(32, 16, 4, 5),24656
(2000, 650),(650,),(650, 800),1845338
(512, 440),(440,),(440, 2000),2953058
(100, 88),(88,),(88, 512),3007514
客户端5上传的参数数量为：3007614
(16, 3, 5, 4),(16, 3, 4),(16, 3, 4, 5),2112
(32, 16, 5, 4),(32, 16, 4),(32, 16, 4, 5),24656
(2000, 650),(650,),(650, 800),1845338
(512, 440),(440,),(440, 2000),2953058
(100, 88),(88,),(88, 512),3007514
客户端15上传的参数数量为：3007614
(16, 3, 5, 4),(16, 3, 4),(16, 3, 4, 5),2112
(32, 16, 5, 4),(32, 16, 4),(32, 16, 4, 5),24656
(2000, 650),(650,),(650, 800),1845338
(512, 440),(440,),(440, 2000),2953058
(100, 88),(88,),(88, 512),3007514
客户端16上传的参数数量为：3007614
(16, 3, 5, 4),(16, 3, 4),(16, 3, 4, 5),2112
(32, 16, 5, 4),(32, 16, 4),(32, 16, 4, 5),24656
(2000, 650),(650,),(650, 800),1845338
(512, 440),(440,),(440, 2000),2953058
(100, 88),(88,),(88, 512),3007514
客户端0上传的参数数量为：3007614
(16, 3, 5, 4),(16, 3, 4),(16, 3, 4, 5),2112
(32, 16, 5, 4),(32, 16, 4),(32, 16, 4, 5),24656
(2000, 650),(650,),(650, 800),1845338
(512, 440),(440,),(440, 2000),2953058
(100, 88),(88,),(88, 512),3007514
客户端18上传的参数数量为：3007614
(16, 3, 5, 4),(16, 3, 4),(16, 3, 4, 5),2112
(32, 16, 5, 4),(32, 16, 4),(32, 16, 4, 5),24656
(2000, 650),(650,),(650, 800),1845338
(512, 440),(440,),(440, 2000),2953058
(100, 88),(88,),(88, 512),3007514
客户端6上传的参数数量为：3007614
所有客户端上传参数的数量为:60152280
(16, 3, 5, 3),(16, 3, 3),(16, 3, 3, 5),1584
(32, 16, 5, 3),(32, 16, 3),(32, 16, 3, 5),18496
(2000, 566),(566,),(566, 800),1603894
(512, 391),(391,),(391, 2000),2588477
(100, 79),(79,),(79, 512),2637416
服务器下发给所有客户端模型的参数数量为: 52750320
该通信轮次总的通信参数量为：112902600
----------------已经花费的总的通信开销为112902600
------------------------- time cost ------------------------- 2625.0139787197113

-------------Round number: 1-------------

Evaluate heterogeneous models
Client 0: Acc: 0.33884297520661155, AUC: 0
✅ 成功加载 [测试] 数据，路径: ../dataset/Cifar100/dir_0.1/test/*.npz
Client 1: Acc: 0.13486005089058525, AUC: 0
Client 2: Acc: 0.17055393586005832, AUC: 0
Client 3: Acc: 0.2582781456953642, AUC: 0
Client 4: Acc: 0.20264900662251656, AUC: 0
Client 5: Acc: 0.19973890339425587, AUC: 0
Client 6: Acc: 0.25517241379310346, AUC: 0
Client 7: Acc: 0.2985468956406869, AUC: 0
Client 8: Acc: 0.2801047120418848, AUC: 0
Client 9: Acc: 0.1848404255319149, AUC: 0
Client 10: Acc: 0.2664041994750656, AUC: 0
Client 11: Acc: 0.27710843373493976, AUC: 0
Client 12: Acc: 0.27676240208877284, AUC: 0
Client 13: Acc: 0.2596026490066225, AUC: 0
Client 14: Acc: 0.20492866407263294, AUC: 0
Client 15: Acc: 0.25620915032679736, AUC: 0
Client 16: Acc: 0.168, AUC: 0
Client 17: Acc: 0.1593625498007968, AUC: 0
Client 18: Acc: 0.14365411436541142, AUC: 0
Client 19: Acc: 0.19201228878648233, AUC: 0
Client 0: Loss: 2.591072182471213
✅ 成功加载 [训练] 数据，路径: ../dataset/Cifar100/dir_0.1/train/*.npz
Client 1: Loss: 3.093757958610347
Client 2: Loss: 2.67252694019655
Client 3: Loss: 2.696059854628762
Client 4: Loss: 2.7830943269008985
Client 5: Loss: 2.8732254887291777
Client 6: Loss: 2.6161610323807287
Client 7: Loss: 2.4596593577605286
Client 8: Loss: 2.6211969962855415
Client 9: Loss: 2.4276210531572526
Client 10: Loss: 2.4106332880305494
Client 11: Loss: 2.32942771527959
Client 12: Loss: 2.8310004692875133
Client 13: Loss: 2.6582775004290395
Client 14: Loss: 2.750884717545536
Client 15: Loss: 2.718957424059887
Client 16: Loss: 2.9635180980695943
Client 17: Loss: 3.014791874175376
Client 18: Loss: 3.0216125136647145
Client 19: Loss: 3.0087697042800534
Averaged Test Accuracy: 0.2273
Averaged Test AUC: 0.0000
Std Test Accuracy: 0.0558
Std Test AUC: 0.0000
✅ 成功加载 [训练] 数据，路径: ../dataset/Cifar100/dir_0.1/train/*.npz
(16, 3, 5, 3),(16, 3, 3),(16, 3, 3, 5),1584
(32, 16, 5, 3),(32, 16, 3),(32, 16, 3, 5),18496
(2000, 505),(505,),(505, 800),1433033
(512, 353),(353,),(353, 2000),2322122
(100, 72),(72,),(72, 512),2366770
客户端19上传的参数数量为：2366870
(16, 3, 5, 3),(16, 3, 3),(16, 3, 3, 5),1584
(32, 16, 5, 3),(32, 16, 3),(32, 16, 3, 5),18496
(2000, 505),(505,),(505, 800),1433033
(512, 353),(353,),(353, 2000),2322122
(100, 72),(72,),(72, 512),2366770
客户端12上传的参数数量为：2366870
(16, 3, 5, 3),(16, 3, 3),(16, 3, 3, 5),1584
(32, 16, 5, 3),(32, 16, 3),(32, 16, 3, 5),18496
(2000, 505),(505,),(505, 800),1433033
(512, 353),(353,),(353, 2000),2322122
(100, 72),(72,),(72, 512),2366770
客户端15上传的参数数量为：2366870
(16, 3, 5, 3),(16, 3, 3),(16, 3, 3, 5),1584
(32, 16, 5, 3),(32, 16, 3),(32, 16, 3, 5),18496
(2000, 505),(505,),(505, 800),1433033
(512, 353),(353,),(353, 2000),2322122
(100, 72),(72,),(72, 512),2366770
客户端3上传的参数数量为：2366870
(16, 3, 5, 3),(16, 3, 3),(16, 3, 3, 5),1584
(32, 16, 5, 3),(32, 16, 3),(32, 16, 3, 5),18496
(2000, 505),(505,),(505, 800),1433033
(512, 353),(353,),(353, 2000),2322122
(100, 72),(72,),(72, 512),2366770
客户端8上传的参数数量为：2366870
(16, 3, 5, 3),(16, 3, 3),(16, 3, 3, 5),1584
(32, 16, 5, 3),(32, 16, 3),(32, 16, 3, 5),18496
(2000, 505),(505,),(505, 800),1433033
(512, 353),(353,),(353, 2000),2322122
(100, 72),(72,),(72, 512),2366770
客户端1上传的参数数量为：2366870
(16, 3, 5, 3),(16, 3, 3),(16, 3, 3, 5),1584
(32, 16, 5, 3),(32, 16, 3),(32, 16, 3, 5),18496
(2000, 505),(505,),(505, 800),1433033
(512, 353),(353,),(353, 2000),2322122
(100, 72),(72,),(72, 512),2366770
客户端4上传的参数数量为：2366870
(16, 3, 5, 3),(16, 3, 3),(16, 3, 3, 5),1584
(32, 16, 5, 3),(32, 16, 3),(32, 16, 3, 5),18496
(2000, 505),(505,),(505, 800),1433033
(512, 353),(353,),(353, 2000),2322122
(100, 72),(72,),(72, 512),2366770
客户端11上传的参数数量为：2366870
(16, 3, 5, 3),(16, 3, 3),(16, 3, 3, 5),1584
(32, 16, 5, 3),(32, 16, 3),(32, 16, 3, 5),18496
(2000, 505),(505,),(505, 800),1433033
(512, 353),(353,),(353, 2000),2322122
(100, 72),(72,),(72, 512),2366770
客户端5上传的参数数量为：2366870
(16, 3, 5, 3),(16, 3, 3),(16, 3, 3, 5),1584
(32, 16, 5, 3),(32, 16, 3),(32, 16, 3, 5),18496
(2000, 505),(505,),(505, 800),1433033
(512, 353),(353,),(353, 2000),2322122
(100, 72),(72,),(72, 512),2366770
客户端2上传的参数数量为：2366870
(16, 3, 5, 3),(16, 3, 3),(16, 3, 3, 5),1584
(32, 16, 5, 3),(32, 16, 3),(32, 16, 3, 5),18496
(2000, 505),(505,),(505, 800),1433033
(512, 353),(353,),(353, 2000),2322122
(100, 72),(72,),(72, 512),2366770
客户端6上传的参数数量为：2366870
(16, 3, 5, 3),(16, 3, 3),(16, 3, 3, 5),1584
(32, 16, 5, 3),(32, 16, 3),(32, 16, 3, 5),18496
(2000, 505),(505,),(505, 800),1433033
(512, 353),(353,),(353, 2000),2322122
(100, 72),(72,),(72, 512),2366770
客户端7上传的参数数量为：2366870
(16, 3, 5, 3),(16, 3, 3),(16, 3, 3, 5),1584
(32, 16, 5, 3),(32, 16, 3),(32, 16, 3, 5),18496
(2000, 505),(505,),(505, 800),1433033
(512, 353),(353,),(353, 2000),2322122
(100, 72),(72,),(72, 512),2366770
客户端14上传的参数数量为：2366870
(16, 3, 5, 3),(16, 3, 3),(16, 3, 3, 5),1584
(32, 16, 5, 3),(32, 16, 3),(32, 16, 3, 5),18496
(2000, 505),(505,),(505, 800),1433033
(512, 353),(353,),(353, 2000),2322122
(100, 72),(72,),(72, 512),2366770
客户端9上传的参数数量为：2366870
(16, 3, 5, 3),(16, 3, 3),(16, 3, 3, 5),1584
(32, 16, 5, 3),(32, 16, 3),(32, 16, 3, 5),18496
(2000, 505),(505,),(505, 800),1433033
(512, 353),(353,),(353, 2000),2322122
(100, 72),(72,),(72, 512),2366770
客户端17上传的参数数量为：2366870
(16, 3, 5, 3),(16, 3, 3),(16, 3, 3, 5),1584
(32, 16, 5, 3),(32, 16, 3),(32, 16, 3, 5),18496
(2000, 505),(505,),(505, 800),1433033
(512, 353),(353,),(353, 2000),2322122
(100, 72),(72,),(72, 512),2366770
客户端0上传的参数数量为：2366870
(16, 3, 5, 3),(16, 3, 3),(16, 3, 3, 5),1584
(32, 16, 5, 3),(32, 16, 3),(32, 16, 3, 5),18496
(2000, 505),(505,),(505, 800),1433033
(512, 353),(353,),(353, 2000),2322122
(100, 72),(72,),(72, 512),2366770
客户端18上传的参数数量为：2366870
(16, 3, 5, 3),(16, 3, 3),(16, 3, 3, 5),1584
(32, 16, 5, 3),(32, 16, 3),(32, 16, 3, 5),18496
(2000, 505),(505,),(505, 800),1433033
(512, 353),(353,),(353, 2000),2322122
(100, 72),(72,),(72, 512),2366770
客户端10上传的参数数量为：2366870
(16, 3, 5, 3),(16, 3, 3),(16, 3, 3, 5),1584
(32, 16, 5, 3),(32, 16, 3),(32, 16, 3, 5),18496
(2000, 505),(505,),(505, 800),1433033